0.036255	0.237366	0.540710	0.434606	0.223282	0.251018	-42.000000	-108.000000	160.000000	1
0.019470	0.277649	0.546997	0.427735	0.285623	0.244529	-42.000000	-116.000000	160.000000	2
0.005554	0.329895	0.536926	0.376590	0.346056	0.241221	-35.000000	-123.000000	173.000000	3
0.044250	0.372925	0.499878	0.279898	0.395038	0.253817	-39.000000	-107.000000	165.000000	4
0.036804	0.339172	0.490295	0.123028	0.456616	0.255471	-42.000000	-112.000000	168.000000	5
0.008545	0.312805	0.476807	0.047583	0.510814	0.246438	-43.000000	-115.000000	167.000000	6
-0.010437	0.300720	0.471924	0.059796	0.526463	0.207506	-38.000000	-112.000000	174.000000	7
0.008057	0.303467	0.464722	0.129135	0.538168	0.156870	-37.000000	-109.000000	167.000000	8
0.008789	0.325134	0.454224	0.234860	0.549746	0.100509	-45.000000	-109.000000	165.000000	9
0.024536	0.356079	0.438538	0.344911	0.563868	0.048728	-44.000000	-104.000000	172.000000	10
0.038696	0.391174	0.411804	0.418066	0.588422	0.009796	-38.000000	-100.000000	174.000000	11
0.019043	0.420166	0.383545	0.434606	0.614758	-0.028117	-42.000000	-98.000000	170.000000	12
0.009827	0.450806	0.344177	0.389440	0.623537	-0.069847	-47.000000	-99.000000	167.000000	13
-0.040466	0.480225	0.292725	0.324427	0.621247	-0.132697	-55.000000	-93.000000	169.000000	14
-0.064270	0.457275	0.273987	0.191858	0.558906	-0.222010	-47.000000	-101.000000	175.000000	15
-0.076660	0.413025	0.262024	0.103435	0.480916	-0.327608	-52.000000	-96.000000	178.000000	16
-0.069031	0.363159	0.259521	0.069975	0.411069	-0.451145	-54.000000	-88.000000	170.000000	17
-0.055359	0.332703	0.254333	0.086768	0.333079	-0.565903	-56.000000	-88.000000	178.000000	18
-0.054443	0.328552	0.248413	0.110560	0.278499	-0.676972	-51.000000	-89.000000	177.000000	19
-0.052063	0.336609	0.232849	0.098092	0.203308	-0.771120	-56.000000	-88.000000	174.000000	20
-0.059753	0.344604	0.198547	0.009542	0.136005	-0.845802	-56.000000	-80.000000	172.000000	21
-0.075745	0.337769	0.163635	-0.156489	0.050000	-0.904580	-50.000000	-86.000000	176.000000	22
-0.100891	0.279968	0.138367	-0.362723	-0.039440	-0.956234	-47.000000	-89.000000	175.000000	23
-0.111755	0.187805	0.127075	-0.520738	-0.144784	-1.017939	-48.000000	-88.000000	172.000000	24
-0.129272	0.084717	0.134033	-0.540840	-0.259542	-1.098092	-49.000000	-83.000000	167.000000	25
-0.096008	0.050720	0.127808	-0.431425	-0.422392	-1.177099	-49.000000	-93.000000	169.000000	26
-0.050232	0.066589	0.125610	-0.328753	-0.549491	-1.246819	-56.000000	-96.000000	172.000000	27
-0.016174	0.082703	0.115295	-0.315013	-0.654071	-1.297964	-46.000000	-100.000000	176.000000	28
-0.021484	0.064514	0.098450	-0.400127	-0.739059	-1.331298	-48.000000	-102.000000	178.000000	29
-0.024597	0.011414	0.084595	-0.551654	-0.815903	-1.347328	-53.000000	-101.000000	171.000000	30
-0.015381	-0.064819	0.068726	-0.706361	-0.910814	-1.368448	-51.000000	-105.000000	177.000000	31
-0.018921	-0.167297	0.073364	-0.810560	-0.981807	-1.397201	-47.000000	-111.000000	175.000000	32
0.011719	-0.259216	0.079651	-0.813486	-1.095674	-1.424046	-42.000000	-110.000000	166.000000	33
0.056641	-0.274231	0.091309	-0.737023	-1.220738	-1.436132	-45.000000	-115.000000	163.000000	34
0.094360	-0.220825	0.080566	-0.694275	-1.321247	-1.442494	-41.000000	-121.000000	167.000000	35
0.135071	-0.197754	0.067871	-0.791858	-1.410941	-1.441603	-44.000000	-116.000000	164.000000	36
0.146545	-0.241638	0.054504	-0.985115	-1.485623	-1.423282	-41.000000	-137.000000	161.000000	37
0.161682	-0.303833	0.052856	-1.213740	-1.569084	-1.403562	-40.000000	-142.000000	164.000000	38
0.197205	-0.368103	0.066223	-1.436641	-1.680407	-1.395802	-36.000000	-146.000000	158.000000	39
0.288208	-0.462830	0.067444	-1.578244	-1.764758	-1.350127	-30.000000	-158.000000	162.000000	40
0.298340	-0.572205	0.131226	-1.562214	-1.797837	-1.352290	-36.000000	-156.000000	154.000000	41
0.342102	-0.550293	0.155273	-1.290967	-1.818575	-1.290458	-23.000000	-169.000000	141.000000	42
0.342529	-0.556213	0.175720	-1.063613	-1.791221	-1.240585	-22.000000	-168.000000	136.000000	43
0.309204	-0.587341	0.173645	-0.912595	-1.736387	-1.132952	-25.000000	-173.000000	139.000000	44
0.312378	-0.642883	0.184509	-0.869975	-1.711323	-0.960560	-29.000000	-181.000000	129.000000	45
0.335938	-0.763428	0.267883	-0.944911	-1.680789	-0.708651	-28.000000	-184.000000	122.000000	46
0.378052	-0.775024	0.291626	-0.897964	-1.613359	-0.355089	-24.000000	-194.000000	128.000000	47
0.379578	-0.674866	0.293823	-0.874300	-1.534224	-0.015649	-20.000000	-194.000000	120.000000	48
0.390442	-0.638428	0.252319	-0.831807	-1.481679	0.190331	-16.000000	-200.000000	116.000000	49
0.427917	-0.708801	0.293152	-0.673410	-1.481679	0.298601	-12.000000	-196.000000	108.000000	50
0.468689	-0.792053	0.365906	-0.348982	-1.479008	0.359415	-19.000000	-201.000000	103.000000	51
0.479065	-0.746216	0.390991	-0.001018	-1.477099	0.426463	-18.000000	-206.000000	98.000000	52
0.501953	-0.700134	0.420654	0.174427	-1.460560	0.513486	-11.000000	-211.000000	93.000000	53
0.544922	-0.676086	0.419983	0.196565	-1.442748	0.596056	-16.000000	-218.000000	96.000000	54
0.560364	-0.643127	0.475708	0.167303	-1.430280	0.697710	-12.000000	-210.000000	86.000000	55
0.578613	-0.572144	0.548401	0.177354	-1.428117	0.789567	1.000000	-223.000000	91.000000	56
0.607788	-0.534912	0.609375	0.151654	-1.380280	0.872901	-2.000000	-226.000000	88.000000	57
0.631470	-0.564209	0.662964	0.121120	-1.316539	0.932697	-2.000000	-222.000000	76.000000	58
0.670166	-0.612122	0.692749	0.183206	-1.260178	0.986260	1.000000	-223.000000	71.000000	59
0.710876	-0.617920	0.713318	0.346056	-1.195165	1.023791	0.000000	-220.000000	74.000000	60
0.719116	-0.547668	0.726563	0.545038	-1.092875	1.105725	14.000000	-220.000000	68.000000	61
0.702454	-0.457397	0.791626	0.684860	-0.997201	1.209288	11.000000	-217.000000	69.000000	62
0.703247	-0.388428	0.862915	0.749618	-0.892748	1.310560	12.000000	-224.000000	60.000000	63
0.711182	-0.363831	0.909424	0.755598	-0.742748	1.410178	18.000000	-220.000000	66.000000	64
0.712952	-0.348572	0.919922	0.798219	-0.593766	1.493384	26.000000	-218.000000	62.000000	65
0.722595	-0.310730	0.904541	0.911450	-0.451654	1.553308	24.000000	-212.000000	56.000000	66
0.726440	-0.197449	0.893677	1.063232	-0.332697	1.609033	29.000000	-205.000000	63.000000	67
0.730652	-0.082458	0.907898	1.118193	-0.181807	1.685369	31.000000	-209.000000	59.000000	68
0.710205	-0.028320	0.955139	1.108651	0.009415	1.742494	37.000000	-203.000000	65.000000	69
0.722046	0.003906	0.975647	1.165013	0.181679	1.780025	42.000000	-198.000000	64.000000	70
0.724365	0.010437	0.943237	1.281552	0.398473	1.782316	40.000000	-196.000000	66.000000	71
0.704346	-0.000427	0.897156	1.454835	0.606997	1.774682	54.000000	-202.000000	70.000000	72
0.711487	0.049072	0.846191	1.683333	0.791603	1.751145	51.000000	-191.000000	83.000000	73
0.702209	0.094849	0.818298	1.875954	0.990458	1.709924	45.000000	-181.000000	79.000000	74
0.679504	0.199158	0.750488	2.047455	1.200000	1.655852	46.000000	-178.000000	90.000000	75
0.662170	0.372375	0.675842	2.105725	1.375318	1.593766	52.000000	-168.000000	96.000000	76
0.629822	0.505249	0.610229	1.920738	1.556361	1.514504	49.000000	-163.000000	109.000000	77
0.589722	0.534790	0.565918	1.539822	1.711832	1.404326	49.000000	-157.000000	111.000000	78
0.520996	0.520874	0.523315	1.196310	1.790712	1.296692	46.000000	-154.000000	110.000000	79
0.459717	0.475281	0.493591	0.936005	1.830662	1.186132	53.000000	-147.000000	119.000000	80
0.432129	0.436951	0.462402	0.783842	1.826972	1.064122	46.000000	-138.000000	126.000000	81
0.382813	0.431213	0.399780	0.724427	1.824936	0.922901	39.000000	-127.000000	125.000000	82
0.321533	0.393799	0.352539	0.666794	1.795674	0.781679	42.000000	-120.000000	130.000000	83
0.241455	0.407837	0.271240	0.647964	1.755852	0.616158	42.000000	-114.000000	134.000000	84
0.133911	0.475586	0.190796	0.648346	1.675064	0.399491	45.000000	-109.000000	145.000000	85
0.113098	0.430542	0.160400	0.538295	1.508651	0.172519	39.000000	-107.000000	133.000000	86
0.014465	0.442871	0.181030	0.442748	1.365649	-0.057761	38.000000	-104.000000	146.000000	87
0.058777	0.371948	0.199585	0.267048	1.138677	-0.271120	38.000000	-100.000000	148.000000	88
0.082581	0.269592	0.225647	0.159796	1.018830	-0.447964	39.000000	-105.000000	143.000000	89
0.098816	0.201050	0.230286	0.138041	0.915267	-0.597074	31.000000	-97.000000	137.000000	90
0.099121	0.185120	0.210938	0.151908	0.830153	-0.718575	30.000000	-96.000000	140.000000	91
0.082825	0.175903	0.182617	0.129898	0.746692	-0.810941	29.000000	-97.000000	143.000000	92
0.065063	0.156494	0.164734	0.060687	0.660178	-0.875318	38.000000	-96.000000	148.000000	93
0.048401	0.117004	0.140259	0.000891	0.586514	-0.925318	35.000000	-87.000000	145.000000	94
0.019104	0.053162	0.114990	-0.042621	0.510814	-0.966794	38.000000	-94.000000	146.000000	95
0.011169	-0.034607	0.103882	-0.058906	0.423028	-1.005089	23.000000	-93.000000	145.000000	96
0.039612	-0.135376	0.094910	-0.024682	0.319211	-1.048473	27.000000	-87.000000	147.000000	97
0.024414	-0.214294	0.097168	0.060051	0.242621	-1.086896	25.000000	-97.000000	145.000000	98
0.005798	-0.228088	0.093445	0.186514	0.142875	-1.067812	26.000000	-90.000000	142.000000	99
-0.028381	-0.191040	0.112061	0.209924	0.022137	-1.117176	27.000000	-97.000000	151.000000	100
-0.041870	-0.223450	0.140686	0.170356	-0.050763	-1.013995	22.000000	-100.000000	156.000000	101
-0.051575	-0.251099	0.171753	0.157634	-0.165903	-1.005089	14.000000	-100.000000	146.000000	102
-0.048950	-0.285339	0.214783	0.115013	-0.236896	-0.975827	18.000000	-106.000000	152.000000	103
-0.024597	-0.310913	0.252869	0.040331	-0.308779	-0.920992	20.000000	-112.000000	152.000000	104
0.007202	-0.318909	0.276978	-0.046056	-0.347328	-0.831298	15.000000	-109.000000	155.000000	105
0.007629	-0.327759	0.288757	-0.115522	-0.344275	-0.732316	18.000000	-102.000000	152.000000	106
0.000488	-0.341492	0.297424	-0.146819	-0.312977	-0.641349	23.000000	-109.000000	153.000000	107
-0.027893	-0.345825	0.302612	-0.127481	-0.280153	-0.547328	20.000000	-114.000000	152.000000	108
-0.040710	-0.352600	0.319641	-0.090076	-0.253690	-0.462087	17.000000	-115.000000	159.000000	109
-0.033142	-0.367188	0.348816	-0.049618	-0.234860	-0.384351	18.000000	-118.000000	158.000000	110
-0.035217	-0.357361	0.381165	0.029262	-0.224427	-0.308779	17.000000	-119.000000	155.000000	111
-0.015930	-0.294922	0.395935	0.098601	-0.205471	-0.231043	17.000000	-125.000000	157.000000	112
-0.015137	-0.230225	0.404968	0.097328	-0.179389	-0.153944	18.000000	-120.000000	156.000000	113
-0.018982	-0.190552	0.413513	0.039949	-0.150891	-0.078880	18.000000	-120.000000	152.000000	114
-0.031189	-0.182922	0.428894	-0.047455	-0.133333	-0.018066	15.000000	-123.000000	143.000000	115
-0.026978	-0.200867	0.455139	-0.102036	-0.119847	0.033333	16.000000	-124.000000	148.000000	116
-0.026978	-0.216248	0.489868	-0.082443	-0.114249	0.062850	15.000000	-123.000000	145.000000	117
-0.017700	-0.196472	0.504761	0.001018	-0.113486	0.081170	18.000000	-120.000000	146.000000	118
-0.017822	-0.160583	0.509033	0.093893	-0.105471	0.095038	16.000000	-122.000000	142.000000	119
-0.018738	-0.122437	0.513062	0.161450	-0.089949	0.099873	16.000000	-122.000000	146.000000	120
-0.024292	-0.085693	0.498657	0.191094	-0.075445	0.103562	16.000000	-126.000000	154.000000	121
-0.025391	-0.074341	0.495972	0.194529	-0.064122	0.100636	18.000000	-130.000000	156.000000	122
-0.028442	-0.065735	0.505066	0.208651	-0.074427	0.090967	14.000000	-122.000000	158.000000	123
-0.029480	-0.057251	0.518677	0.238931	-0.083206	0.076463	15.000000	-115.000000	147.000000	124
-0.027283	-0.046570	0.526001	0.293639	-0.088422	0.059542	9.000000	-125.000000	141.000000	125
-0.026611	-0.030090	0.529419	0.358270	-0.097074	0.040585	9.000000	-121.000000	149.000000	126
-0.016724	0.015808	0.511230	0.419720	-0.090840	0.017939	4.000000	-122.000000	150.000000	127
-0.022522	0.063354	0.483582	0.452163	-0.097455	-0.016539	1.000000	-127.000000	151.000000	128
-0.031555	0.076233	0.469543	0.419211	-0.091985	-0.054198	0.000000	-124.000000	148.000000	129
